%1)
    rowVector=[3,4*2.55,68/16,45,nthroot(110,3),cosd(25),0.05]
    %ANSWER: 
    %rowVector = 
    %3.0000   10.2000    4.2500   45.0000    4.7914    0.9063    0.0500

%2)
    columnVector=[32/(3.2^2);sind(35)^2;6.1;log(29)^2;133]
    %ANSWER:
    %columnVector =
    %3.1250
    %0.3290
    %6.1000
    %11.3387
    %133.0000

%3)
    eqVector=linspace(81,12,9)
    %ANSWER:
    %eqVector =
    %81.0000   72.3750   63.7500   55.1250   46.5000   37.8750   29.2500   20.6250   12.0000

%4)
    eqcolVector=linspace(-21,12,15)'
    %ANSWER:
    %eqcolVector =
    %-21.0000
    %-18.6429
    %-16.2857
    %-13.9286
    %-11.5714
    %-9.2143
    %-6.8571
    %-4.5000
    %-2.1429
    %0.2143
    %2.5714
    %4.9286
    %7.2857
    %9.6429
    %12.0000
    
%5)
    a=[zeros(8,1) ;7.5]'
    %ANSWER:
    %a =
    %0         0         0         0         0         0         0         0    7.5000
    
%6)
    vecA=49:-3:10
    vecB=[vecA(1:4),vecA(11:14)]
    %ANSWER:
    %vecA =
    %49    46    43    40    37    34    31    28    25    22    19    16    13    10
    %vecB =
    %49    46    43    40    19    16    13    10
    
%7)
    A=[linspace(0,30,7);linspace(600,0,7);linspace(0,5,7)]
    %ANSWER:
    %A =
    %       0    5.0000   10.0000   15.0000   20.0000   25.0000   30.0000
    %600.0000  500.0000  400.0000  300.0000  200.0000  100.0000         0
    %       0    0.8333    1.6667    2.5000    3.3333    4.1667    5.0000
    
%8)
    a=[7,2,-3,1,0]
    b=[-3,10,0,7,-2]
    c=[1,0,4,-6,5]
 %A)   
    matrixA=[a;b;c]
    %ANSWER:
    %matrixA =

    %7     2    -3     1     0
    %-3    10     0     7    -2
    %1     0     4    -6     5
 %B)   
    matrixB=matrixA'
    %ANSWER:
    %matrixB =
    % 7    -3     1
    % 2    10     0
    %-3     0     4
    % 1     7    -6
    % 0    -2     5
    
%9)
 %A)   
    matA=[a(1:3);b(1:3);c(1:3)]
    %ANSWER:
    %matA =
    % 7     2    -3
    %-3    10     0
    % 1     0     4
 %B)   
    matB=[a(3:5);b(3:5);c(3:5)]
    %ANSWER:
    %matB =
    %-3     1     0
    % 0     7    -2
    % 4    -6     5   
  
%10)
    A=[2:3:17;3:3:18;4:3:19;5:3:20;6:3:21]
    B=[5:5:30;30:5:55;55:5:80]
    v=99:-1:91
    C=[A(1,1:2),B(1,1:4);A(2,:);A(3,1:2),B(2,[1:4]);A(4,1:2),v(5:8);A(5,1:2),B(3,3:6)]
    %ANSWER:
    %C =
    % 2     5     5    10    15    20
    % 3     6     9    12    15    18
    % 4     7    30    35    40    45
    % 5     8    95    94    93    92
    % 6     9    65    70    75    80
